1758731031839 0.0010000000474974513 0
1758731043346 0.0010000000474974513 1
1758731054913 0.0010000000474974513 2
1758731066859 0.0010000000474974513 3
1758731077436 0.0010000000474974513 4
1758731087644 0.0010000000474974513 5
1758731097493 0.0010000000474974513 6
1758731106978 0.0010000000474974513 7
1758731116482 0.0010000000474974513 8
1758731125974 0.0010000000474974513 9
1758731135853 0.0010000000474974513 10
1758731145943 0.0010000000474974513 11
1758731155375 0.0010000000474974513 12
1758731165575 0.0010000000474974513 13
1758731175708 0.0010000000474974513 14
1758731185056 0.0010000000474974513 15
1758731194246 0.0010000000474974513 16
1758731203390 0.0010000000474974513 17
1758731212995 0.0010000000474974513 18
1758731223579 0.0010000000474974513 19
1758731234642 0.0010000000474974513 20
1758731244767 0.0010000000474974513 21
1758731254759 0.0010000000474974513 22
1758731264846 0.0010000000474974513 23
1758731275300 0.0010000000474974513 24
1758731284872 0.0010000000474974513 25
1758731294891 0.0010000000474974513 26
1758731304999 0.0010000000474974513 27
1758731315163 0.0010000000474974513 28
1758731324972 0.0010000000474974513 29
1758731334803 0.0010000000474974513 30
1758731345119 0.0010000000474974513 31
1758731354836 0.0010000000474974513 32
1758731364800 0.0010000000474974513 33
1758731374865 0.0010000000474974513 34
1758731384643 0.0010000000474974513 35
1758731394487 0.0010000000474974513 36
1758731404523 0.0010000000474974513 37
1758731414331 0.0010000000474974513 38
1758731424074 0.0010000000474974513 39
1758731434161 0.0010000000474974513 40
1758731443847 0.0005000000237487257 41
1758731453615 0.0005000000237487257 42
1758731463475 0.0005000000237487257 43
1758731473220 0.0005000000237487257 44
1758731483097 0.0005000000237487257 45
1758731493404 0.0005000000237487257 46
1758731503688 0.0005000000237487257 47
1758731513795 0.0005000000237487257 48
1758731523795 0.0005000000237487257 49
1758731533662 0.0005000000237487257 50
1758731533938 0.0010000000474974513 51
