1758731031839 7.386995792388916 0
1758731043346 4.161609172821045 1
1758731054913 3.478731155395508 2
1758731066859 2.957416534423828 3
1758731077436 2.541910171508789 4
1758731087644 2.244266986846924 5
1758731097493 1.952974557876587 6
1758731106978 1.7136095762252808 7
1758731116482 1.6321743726730347 8
1758731125974 1.7651777267456055 9
1758731135853 1.3382645845413208 10
1758731145943 1.1463795900344849 11
1758731155375 1.0510492324829102 12
1758731165575 0.9408859014511108 13
1758731175708 0.8206078410148621 14
1758731185056 0.7503526210784912 15
1758731194246 0.7378894090652466 16
1758731203390 0.6108071208000183 17
1758731212995 0.5485361814498901 18
1758731223579 0.4891112148761749 19
1758731234642 0.4667730927467346 20
1758731244767 0.44841673970222473 21
1758731254759 0.3965406119823456 22
1758731264846 0.3653233051300049 23
1758731275300 0.3490358591079712 24
1758731284872 0.31561607122421265 25
1758731294891 0.3393542468547821 26
1758731304999 0.2898632287979126 27
1758731315163 0.2840111255645752 28
1758731324972 0.29270315170288086 29
1758731334803 0.26817452907562256 30
1758731345119 0.5346946716308594 31
1758731354836 0.4725482165813446 32
1758731364800 0.3770553469657898 33
1758731374865 0.32762908935546875 34
1758731384643 0.3317754864692688 35
1758731394487 0.29074332118034363 36
1758731404523 0.29932403564453125 37
1758731414331 0.2581695318222046 38
1758731424074 0.2950913608074188 39
1758731434161 0.2860243320465088 40
1758731443847 0.2127619832754135 41
1758731453615 0.2005569040775299 42
1758731463475 0.20984680950641632 43
1758731473220 0.20039628446102142 44
1758731483097 0.1938823163509369 45
1758731493404 0.18370813131332397 46
1758731503688 0.18039092421531677 47
1758731513795 0.17625868320465088 48
1758731523795 0.1692436784505844 49
1758731533662 0.1707201451063156 50
1758731533938 0.26817452907562256 51
