1758731031839 1.3458588123321533 0
1758731043346 0.5664130449295044 1
1758731054913 0.4664914608001709 2
1758731066859 0.41559073328971863 3
1758731077436 0.3731911778450012 4
1758731087644 0.376539409160614 5
1758731097493 0.35969382524490356 6
1758731106978 0.333919882774353 7
1758731116482 0.387069433927536 8
1758731125974 0.5141063332557678 9
1758731135853 0.3641739785671234 10
1758731145943 0.33036401867866516 11
1758731155375 0.3297998309135437 12
1758731165575 0.330191045999527 13
1758731175708 0.30220988392829895 14
1758731185056 0.30822819471359253 15
1758731194246 0.3258351683616638 16
1758731203390 0.2850125730037689 17
1758731212995 0.2821221947669983 18
1758731223579 0.26542243361473083 19
1758731234642 0.286342054605484 20
1758731244767 0.288405179977417 21
1758731254759 0.27662375569343567 22
1758731264846 0.26913052797317505 23
1758731275300 0.28135159611701965 24
1758731284872 0.27224665880203247 25
1758731294891 0.2796863615512848 26
1758731304999 0.26091089844703674 27
1758731315163 0.2679344117641449 28
1758731324972 0.2840305268764496 29
1758731334803 0.2727663218975067 30
1758731345119 0.3728305995464325 31
1758731354836 0.3499044179916382 32
1758731364800 0.31627678871154785 33
1758731374865 0.3036692440509796 34
1758731384643 0.31568634510040283 35
1758731394487 0.29028475284576416 36
1758731404523 0.29889294505119324 37
1758731414331 0.269460529088974 38
1758731424074 0.2999952733516693 39
1758731434161 0.31521254777908325 40
1758731443847 0.2596668601036072 41
1758731453615 0.24935516715049744 42
1758731463475 0.266921728849411 43
1758731473220 0.25550559163093567 44
1758731483097 0.25026604533195496 45
1758731493404 0.2437879741191864 46
1758731503688 0.24702046811580658 47
1758731513795 0.24544282257556915 48
1758731523795 0.24231094121932983 49
1758731533662 0.24330462515354156 50
1758731533938 0.2727663218975067 51
